50
10 1 1000
500 19
10 1 1000
500 20
10 10 1000
1000 1
1020 1
1040 1
1060 1
1080 1
1100 1
1120 1
1140 1
1160 1
1180 1
10 10 1000
1000 1
980 1
960 1
940 1
920 1
900 1
880 1
860 1
840 1
820 1
6 9 875
494 1
1379 10
1350 15
315 3
792 19
658 8
670 13
1360 13
740 14
5 2 10
4 5
5 5
5 2 9
4 5
5 5
2 3 10
6 1
4 1
12 2
2 3 10
3 1
5 1
10 1
6 6 111
494 1
1379 10
1350 15
315 3
792 19
658 8
5 9 911
4 5
5 5
1315 13
996 11
1993 10
1061 12
1604 19
219 14
58 7
1 9 354
4 5
5 5
608 17
1658 10
381 3
972 15
1301 2
1701 13
1229 11
4 1 27
6 1
3 8 550
3 1
5 1
10 1
1433 7
671 3
1232 10
659 9
1272 19
7 8 211
992 7
1841 1
1311 15
1921 2
262 5
1151 4
189 5
455 15
1 10 427
325 16
1404 14
402 18
999 18
612 16
1965 2
1039 12
15 19
1322 9
851 15
3 8 517
1846 8
402 13
1074 4
682 20
1440 17
256 13
1191 5
1452 8
7 9 452
550 17
1815 16
1467 9
1965 17
855 7
556 12
1824 15
125 16
409 20
8 8 679
1946 15
1131 16
1280 14
623 8
432 7
909 8
241 5
786 1
9 5 936
1767 10
307 10
1345 3
418 13
374 7
2 2 872
879 14
1360 18
10 2 517
251 20
1425 11
3 9 356
1433 9
1810 8
1507 12
1026 9
1868 8
1866 20
533 12
983 4
15 1
10 4 370
289 8
886 11
819 11
813 11
1 1 604
1300 2
1 6 853
997 14
1720 16
471 11
1689 14
1026 4
629 18
5 4 608
1085 13
845 16
1232 7
1140 2
8 10 5
1069 14
976 14
898 12
480 18
1479 2
660 7
1916 17
1143 4
1275 7
1249 14
2 2 78
999 13
1585 10
6 4 502
1651 2
195 6
647 12
949 18
1 9 780
1073 6
695 9
1440 10
735 6
838 8
49 11
398 7
95 14
1537 1
7 10 391
108 4
1368 14
1027 8
232 8
1446 11
512 3
57 12
1182 6
707 20
835 6
8 8 423
7 12
1756 15
872 2
1284 14
1901 7
1333 15
245 12
1238 4
10 10 195
244 16
167 18
653 13
337 7
1898 16
1524 13
1302 8
1780 16
1231 2
479 17
2 7 529
128 2
1233 5
1625 14
1964 20
1977 11
338 14
1623 2
2 2 811
1738 17
1483 11
4 3 587
575 16
1417 11
309 6
1 7 407
235 13
1383 8
469 14
297 19
1891 2
1414 4
844 15
5 3 563
1449 3
1907 3
1261 13
8 10 955
559 15
1957 7
1901 12
1499 15
511 19
1189 7
110 11
1561 3
1235 16
749 9
8 1 297
362 9
2 5 753
1609 4
59 19
1498 16
1865 10
559 16
4 1 34
572 20
5 3 140
17 17
895 17
437 14
10 5 295
700 16
1621 13
757 4
1511 7
473 18
2 2 436
1207 18
1857 12
9 6 87
883 7
455 11
1821 4
1259 14
703 4
400 14
1 1 206
599 16
9 6 469
946 17
42 2
1275 19
1590 18
880 17
1656 14
10 10 1000
1303 11
937 15
386 15
228 20
890 19
1193 13
1351 19
1331 19
1467 16
519 4
